93507362733 
13420885849 
15237203985 
89020105373 
138089429258 
138329958753
45994856 
26129408 
14502590 
45485336 
28414829 
14068110
2949007227 
596557783 
506034751 
2925492980 
1184838309 
845663364
186198685325 
28286159320 
32546425029 
186675732805 
194723632597 
188310696052
4373240524
882726349
1054412724
3215508225
8027491391
8060946780
4287908572
846594570
955560687
4129981188
6622273932
6824061795
21165708892
3480808234
4228843630
20618778139
34288885745
34338014231
21641473212
3322675770
3799818937
21526016878
31840542338
33170503205